M,0,0,98.60788863109049
M,0,1,99.76798143851508
M,0,10,100.0
M,0,100,94.66357308584686
M,0,101,94.66357308584686
M,0,102,94.19953596287704
M,0,103,94.19953596287704
M,0,104,93.7354988399072
M,0,105,95.59164733178655
M,0,106,96.51972157772622
M,0,107,96.98375870069606
M,0,108,96.51972157772622
M,0,109,96.05568445475639
M,0,11,100.0
M,0,110,95.59164733178655
M,0,111,95.59164733178655
M,0,112,97.6798143851508
M,0,113,98.14385150812065
M,0,114,98.37587006960557
M,0,115,98.83990719257541
M,0,116,98.83990719257541
M,0,117,98.60788863109049
M,0,118,97.6798143851508
M,0,119,98.83990719257541
M,0,12,100.0
M,0,120,99.30394431554525
M,0,121,99.30394431554525
M,0,122,99.53596287703016
M,0,123,99.53596287703016
M,0,124,99.30394431554525
M,0,125,98.83990719257541
M,0,126,99.53596287703016
M,0,127,99.76798143851508
M,0,128,99.53596287703016
M,0,129,100.0
M,0,13,99.30394431554525
M,0,130,99.76798143851508
M,0,131,99.53596287703016
M,0,132,99.53596287703016
M,0,133,99.53596287703016
M,0,134,100.0
M,0,135,100.0
M,0,136,99.76798143851508
M,0,137,99.76798143851508
M,0,138,99.76798143851508
M,0,139,99.53596287703016
M,0,14,99.30394431554525
M,0,140,99.53596287703016
M,0,141,100.0
M,0,142,99.76798143851508
M,0,143,99.76798143851508
M,0,144,99.76798143851508
M,0,145,99.76798143851508
M,0,146,99.76798143851508
M,0,147,99.07192575406032
M,0,148,99.07192575406032
M,0,149,98.83990719257541
M,0,15,100.0
M,0,150,99.30394431554525
M,0,151,99.30394431554525
M,0,152,99.07192575406032
M,0,153,99.07192575406032
M,0,154,99.53596287703016
M,0,155,99.30394431554525
M,0,156,99.53596287703016
M,0,157,99.76798143851508
M,0,158,99.76798143851508
M,0,159,99.76798143851508
M,0,16,100.0
M,0,160,100.0
M,0,161,99.53596287703016
M,0,162,99.53596287703016
M,0,163,100.0
M,0,164,100.0
M,0,165,99.76798143851508
M,0,166,100.0
M,0,167,99.76798143851508
M,0,168,100.0
M,0,169,100.0
M,0,17,100.0
M,0,170,100.0
M,0,171,100.0
M,0,172,100.0
M,0,173,100.0
M,0,174,100.0
M,0,175,100.0
M,0,176,100.0
M,0,177,100.0
M,0,178,100.0
M,0,179,100.0
M,0,18,100.0
M,0,180,100.0
M,0,181,100.0
M,0,182,99.76798143851508
M,0,183,99.76798143851508
M,0,184,100.0
M,0,185,100.0
M,0,186,100.0
M,0,187,100.0
M,0,188,99.76798143851508
M,0,189,99.30394431554525
M,0,19,99.76798143851508
M,0,190,99.76798143851508
M,0,191,100.0
M,0,192,100.0
M,0,193,100.0
M,0,194,100.0
M,0,195,100.0
M,0,196,89.0951276102088
M,0,197,89.0951276102088
M,0,198,90.02320185614849
M,0,199,91.87935034802784
M,0,2,100.0
M,0,20,99.30394431554525
M,0,200,90.95127610208816
M,0,201,88.63109048723898
M,0,202,88.63109048723898
M,0,203,92.5754060324826
M,0,204,92.5754060324826
M,0,205,95.1276102088167
M,0,206,95.59164733178655
M,0,207,95.35962877030161
M,0,208,93.96751740139212
M,0,209,93.03944315545245
M,0,21,98.83990719257541
M,0,210,95.59164733178655
M,0,211,96.2877030162413
M,0,212,97.21577726218096
M,0,213,98.37587006960557
M,0,214,97.6798143851508
M,0,215,97.21577726218096
M,0,216,96.51972157772622
M,0,217,96.98375870069606
M,0,218,98.83990719257541
M,0,219,98.83990719257541
M,0,22,100.0
M,0,220,98.83990719257541
M,0,221,99.07192575406032
M,0,222,99.07192575406032
M,0,223,97.4477958236659
M,0,224,98.60788863109049
M,0,225,99.07192575406032
M,0,226,99.30394431554525
M,0,227,99.30394431554525
M,0,228,99.76798143851508
M,0,229,99.53596287703016
M,0,23,100.0
M,0,230,99.53596287703016
M,0,231,98.83990719257541
M,0,232,99.76798143851508
M,0,233,99.53596287703016
M,0,234,98.83990719257541
M,0,235,99.53596287703016
M,0,236,99.53596287703016
M,0,237,99.30394431554525
M,0,238,99.30394431554525
M,0,239,99.30394431554525
M,0,24,100.0
M,0,240,99.30394431554525
M,0,241,99.30394431554525
M,0,242,98.83990719257541
M,0,243,98.83990719257541
M,0,244,99.07192575406032
M,0,245,99.30394431554525
M,0,246,99.30394431554525
M,0,247,99.07192575406032
M,0,248,98.83990719257541
M,0,249,100.0
M,0,25,100.0
M,0,250,99.30394431554525
M,0,251,99.76798143851508
M,0,252,99.76798143851508
M,0,253,99.30394431554525
M,0,254,99.30394431554525
M,0,255,100.0
M,0,256,100.0
M,0,257,99.76798143851508
M,0,258,100.0
M,0,259,100.0
M,0,26,100.0
M,0,260,100.0
M,0,261,100.0
M,0,262,100.0
M,0,263,100.0
M,0,264,100.0
M,0,265,100.0
M,0,266,99.76798143851508
M,0,267,100.0
M,0,268,100.0
M,0,269,100.0
M,0,27,99.30394431554525
M,0,270,100.0
M,0,271,99.76798143851508
M,0,272,100.0
M,0,273,100.0
M,0,274,100.0
M,0,275,100.0
M,0,276,100.0
M,0,277,100.0
M,0,278,100.0
M,0,279,100.0
M,0,28,99.30394431554525
M,0,280,99.76798143851508
M,0,281,99.76798143851508
M,0,282,100.0
M,0,283,100.0
M,0,284,100.0
M,0,285,100.0
M,0,286,100.0
M,0,287,99.53596287703016
M,0,288,99.76798143851508
M,0,289,100.0
M,0,29,100.0
M,0,290,100.0
M,0,291,100.0
M,0,292,100.0
M,0,293,100.0
M,0,3,100.0
M,0,30,100.0
M,0,31,100.0
M,0,32,100.0
M,0,33,100.0
M,0,34,98.83990719257541
M,0,35,98.83990719257541
M,0,36,100.0
M,0,37,100.0
M,0,38,99.76798143851508
M,0,39,100.0
M,0,4,100.0
M,0,40,99.53596287703016
M,0,41,98.60788863109049
M,0,42,97.6798143851508
M,0,43,98.83990719257541
M,0,44,98.83990719257541
M,0,45,99.07192575406032
M,0,46,99.30394431554525
M,0,47,98.60788863109049
M,0,48,97.4477958236659
M,0,49,96.98375870069606
M,0,5,100.0
M,0,50,95.35962877030161
M,0,51,95.1276102088167
M,0,52,96.2877030162413
M,0,53,96.51972157772622
M,0,54,97.6798143851508
M,0,55,97.4477958236659
M,0,56,97.6798143851508
M,0,57,98.37587006960557
M,0,58,97.6798143851508
M,0,59,98.37587006960557
M,0,6,99.30394431554525
M,0,60,99.07192575406032
M,0,61,97.4477958236659
M,0,62,97.6798143851508
M,0,63,98.60788863109049
M,0,64,99.07192575406032
M,0,65,98.83990719257541
M,0,66,99.30394431554525
M,0,67,99.76798143851508
M,0,68,99.30394431554525
M,0,69,97.91183294663574
M,0,7,99.30394431554525
M,0,70,99.30394431554525
M,0,71,99.53596287703016
M,0,72,100.0
M,0,73,99.76798143851508
M,0,74,99.76798143851508
M,0,75,99.53596287703016
M,0,76,99.30394431554525
M,0,77,99.30394431554525
M,0,78,99.76798143851508
M,0,79,100.0
M,0,8,100.0
M,0,80,99.76798143851508
M,0,81,100.0
M,0,82,99.76798143851508
M,0,83,99.76798143851508
M,0,84,99.53596287703016
M,0,85,99.76798143851508
M,0,86,100.0
M,0,87,100.0
M,0,88,100.0
M,0,89,100.0
M,0,9,100.0
M,0,90,99.76798143851508
M,0,91,99.07192575406032
M,0,92,99.53596287703016
M,0,93,100.0
M,0,94,100.0
M,0,95,100.0
M,0,96,100.0
M,0,97,99.30394431554525
M,0,98,92.80742459396751
M,0,99,93.96751740139212
M,1,0,100.0
M,1,1,100.0
M,1,10,100.0
M,1,100,91.93245778611632
M,1,101,91.93245778611632
M,1,102,91.74484052532833
M,1,103,91.36960600375235
M,1,104,90.80675422138836
M,1,105,95.49718574108817
M,1,106,96.06003752345215
M,1,107,96.24765478424015
M,1,108,96.06003752345215
M,1,109,95.87242026266416
M,1,11,99.812382739212
M,1,110,96.24765478424015
M,1,111,96.24765478424015
M,1,112,98.49906191369607
M,1,113,98.68667917448406
M,1,114,98.49906191369607
M,1,115,99.06191369606003
M,1,116,98.87429643527204
M,1,117,99.06191369606003
M,1,118,98.68667917448406
M,1,119,99.24953095684803
M,1,12,100.0
M,1,120,98.68667917448406
M,1,121,98.87429643527204
M,1,122,99.24953095684803
M,1,123,99.24953095684803
M,1,124,98.87429643527204
M,1,125,99.62476547842401
M,1,126,98.31144465290807
M,1,127,97.74859287054409
M,1,128,98.49906191369607
M,1,129,98.87429643527204
M,1,13,99.812382739212
M,1,130,99.24953095684803
M,1,131,99.24953095684803
M,1,132,99.06191369606003
M,1,133,99.43714821763602
M,1,134,99.06191369606003
M,1,135,99.06191369606003
M,1,136,99.43714821763602
M,1,137,99.43714821763602
M,1,138,99.43714821763602
M,1,139,99.62476547842401
M,1,14,99.43714821763602
M,1,140,99.43714821763602
M,1,141,99.06191369606003
M,1,142,99.24953095684803
M,1,143,99.24953095684803
M,1,144,99.06191369606003
M,1,145,99.43714821763602
M,1,146,99.06191369606003
M,1,147,99.43714821763602
M,1,148,99.43714821763602
M,1,149,99.24953095684803
M,1,15,99.812382739212
M,1,150,99.62476547842401
M,1,151,99.62476547842401
M,1,152,99.43714821763602
M,1,153,99.812382739212
M,1,154,99.43714821763602
M,1,155,99.62476547842401
M,1,156,99.812382739212
M,1,157,99.62476547842401
M,1,158,99.62476547842401
M,1,159,99.812382739212
M,1,16,99.812382739212
M,1,160,100.0
M,1,161,99.812382739212
M,1,162,100.0
M,1,163,99.812382739212
M,1,164,99.812382739212
M,1,165,99.812382739212
M,1,166,100.0
M,1,167,100.0
M,1,168,100.0
M,1,169,100.0
M,1,17,100.0
M,1,170,100.0
M,1,171,99.812382739212
M,1,172,100.0
M,1,173,100.0
M,1,174,100.0
M,1,175,100.0
M,1,176,100.0
M,1,177,100.0
M,1,178,100.0
M,1,179,100.0
M,1,18,99.812382739212
M,1,180,100.0
M,1,181,100.0
M,1,182,99.812382739212
M,1,183,100.0
M,1,184,100.0
M,1,185,99.812382739212
M,1,186,100.0
M,1,187,100.0
M,1,188,100.0
M,1,189,99.812382739212
M,1,19,99.812382739212
M,1,190,100.0
M,1,191,100.0
M,1,192,100.0
M,1,193,99.812382739212
M,1,194,99.812382739212
M,1,195,99.812382739212
M,1,196,86.86679174484053
M,1,197,88.18011257035647
M,1,198,88.55534709193246
M,1,199,88.93058161350844
M,1,2,100.0
M,1,20,99.24953095684803
M,1,200,86.67917448405254
M,1,201,87.2420262664165
M,1,202,87.05440900562851
M,1,203,91.18198874296435
M,1,204,94.37148217636022
M,1,205,94.55909943714822
M,1,206,95.68480300187618
M,1,207,94.93433395872421
M,1,208,94.93433395872421
M,1,209,92.87054409005628
M,1,21,99.43714821763602
M,1,210,96.43527204502814
M,1,211,96.62288930581614
M,1,212,97.18574108818011
M,1,213,97.93621013133207
M,1,214,98.12382739212008
M,1,215,97.18574108818011
M,1,216,96.06003752345215
M,1,217,97.74859287054409
M,1,218,97.93621013133207
M,1,219,98.31144465290807
M,1,22,99.812382739212
M,1,220,98.12382739212008
M,1,221,98.49906191369607
M,1,222,97.93621013133207
M,1,223,97.37335834896811
M,1,224,98.87429643527204
M,1,225,99.43714821763602
M,1,226,99.62476547842401
M,1,227,99.24953095684803
M,1,228,99.06191369606003
M,1,229,98.87429643527204
M,1,23,99.812382739212
M,1,230,98.68667917448406
M,1,231,99.62476547842401
M,1,232,99.43714821763602
M,1,233,99.62476547842401
M,1,234,99.43714821763602
M,1,235,99.06191369606003
M,1,236,99.24953095684803
M,1,237,99.43714821763602
M,1,238,99.43714821763602
M,1,239,99.24953095684803
M,1,24,100.0
M,1,240,99.06191369606003
M,1,241,99.06191369606003
M,1,242,99.24953095684803
M,1,243,99.24953095684803
M,1,244,99.06191369606003
M,1,245,99.62476547842401
M,1,246,99.43714821763602
M,1,247,98.87429643527204
M,1,248,99.812382739212
M,1,249,99.812382739212
M,1,25,100.0
M,1,250,99.43714821763602
M,1,251,99.43714821763602
M,1,252,100.0
M,1,253,100.0
M,1,254,99.812382739212
M,1,255,100.0
M,1,256,100.0
M,1,257,100.0
M,1,258,99.812382739212
M,1,259,100.0
M,1,26,99.812382739212
M,1,260,100.0
M,1,261,99.812382739212
M,1,262,99.812382739212
M,1,263,100.0
M,1,264,100.0
M,1,265,100.0
M,1,266,100.0
M,1,267,100.0
M,1,268,100.0
M,1,269,100.0
M,1,27,99.43714821763602
M,1,270,100.0
M,1,271,100.0
M,1,272,100.0
M,1,273,100.0
M,1,274,100.0
M,1,275,100.0
M,1,276,100.0
M,1,277,100.0
M,1,278,100.0
M,1,279,100.0
M,1,28,99.06191369606003
M,1,280,99.812382739212
M,1,281,100.0
M,1,282,100.0
M,1,283,99.812382739212
M,1,284,100.0
M,1,285,100.0
M,1,286,100.0
M,1,287,99.812382739212
M,1,288,100.0
M,1,289,99.812382739212
M,1,29,99.812382739212
M,1,290,99.812382739212
M,1,291,100.0
M,1,292,99.812382739212
M,1,293,99.43714821763602
M,1,3,100.0
M,1,30,100.0
M,1,31,100.0
M,1,32,99.62476547842401
M,1,33,99.06191369606003
M,1,34,99.06191369606003
M,1,35,97.93621013133207
M,1,36,99.06191369606003
M,1,37,99.62476547842401
M,1,38,99.62476547842401
M,1,39,99.24953095684803
M,1,4,100.0
M,1,40,98.68667917448406
M,1,41,98.12382739212008
M,1,42,97.18574108818011
M,1,43,98.12382739212008
M,1,44,98.87429643527204
M,1,45,99.06191369606003
M,1,46,98.49906191369607
M,1,47,98.12382739212008
M,1,48,97.18574108818011
M,1,49,98.12382739212008
M,1,5,100.0
M,1,50,97.74859287054409
M,1,51,96.99812382739212
M,1,52,97.93621013133207
M,1,53,97.74859287054409
M,1,54,98.12382739212008
M,1,55,98.87429643527204
M,1,56,99.43714821763602
M,1,57,99.812382739212
M,1,58,99.62476547842401
M,1,59,99.62476547842401
M,1,6,99.62476547842401
M,1,60,99.06191369606003
M,1,61,98.12382739212008
M,1,62,98.31144465290807
M,1,63,100.0
M,1,64,99.812382739212
M,1,65,99.812382739212
M,1,66,99.812382739212
M,1,67,99.43714821763602
M,1,68,99.62476547842401
M,1,69,99.24953095684803
M,1,7,99.812382739212
M,1,70,99.62476547842401
M,1,71,100.0
M,1,72,99.812382739212
M,1,73,99.62476547842401
M,1,74,99.812382739212
M,1,75,100.0
M,1,76,99.812382739212
M,1,77,99.62476547842401
M,1,78,100.0
M,1,79,100.0
M,1,8,100.0
M,1,80,100.0
M,1,81,100.0
M,1,82,100.0
M,1,83,100.0
M,1,84,99.43714821763602
M,1,85,99.812382739212
M,1,86,100.0
M,1,87,100.0
M,1,88,100.0
M,1,89,100.0
M,1,9,100.0
M,1,90,100.0
M,1,91,99.24953095684803
M,1,92,99.62476547842401
M,1,93,99.812382739212
M,1,94,100.0
M,1,95,100.0
M,1,96,99.812382739212
M,1,97,99.24953095684803
M,1,98,90.2439024390244
M,1,99,90.61913696060037
M,2,0,100.0
M,2,1,100.0
M,2,10,100.0
M,2,100,97.45958429561202
M,2,101,97.45958429561202
M,2,102,98.15242494226328
M,2,103,97.6905311778291
M,2,104,97.92147806004618
M,2,105,98.61431870669746
M,2,106,98.15242494226328
M,2,107,98.61431870669746
M,2,108,98.38337182448036
M,2,109,98.84526558891456
M,2,11,100.0
M,2,110,99.07621247113164
M,2,111,98.15242494226328
M,2,112,99.30715935334872
M,2,113,99.07621247113164
M,2,114,99.53810623556582
M,2,115,99.76905311778292
M,2,116,99.76905311778292
M,2,117,99.07621247113164
M,2,118,98.61431870669746
M,2,119,99.53810623556582
M,2,12,100.0
M,2,120,99.30715935334872
M,2,121,99.53810623556582
M,2,122,99.53810623556582
M,2,123,99.53810623556582
M,2,124,99.30715935334872
M,2,125,99.53810623556582
M,2,126,99.07621247113164
M,2,127,98.38337182448036
M,2,128,99.07621247113164
M,2,129,99.76905311778292
M,2,13,100.0
M,2,130,99.76905311778292
M,2,131,99.53810623556582
M,2,132,99.53810623556582
M,2,133,98.84526558891456
M,2,134,98.61431870669746
M,2,135,98.38337182448036
M,2,136,97.92147806004618
M,2,137,98.84526558891456
M,2,138,98.15242494226328
M,2,139,98.38337182448036
M,2,14,99.53810623556582
M,2,140,98.38337182448036
M,2,141,97.6905311778291
M,2,142,97.92147806004618
M,2,143,97.92147806004618
M,2,144,97.6905311778291
M,2,145,97.6905311778291
M,2,146,97.22863741339492
M,2,147,99.07621247113164
M,2,148,98.61431870669746
M,2,149,98.38337182448036
M,2,15,100.0
M,2,150,97.92147806004618
M,2,151,98.61431870669746
M,2,152,98.15242494226328
M,2,153,98.84526558891456
M,2,154,99.30715935334872
M,2,155,99.53810623556582
M,2,156,98.84526558891456
M,2,157,99.07621247113164
M,2,158,99.53810623556582
M,2,159,99.07621247113164
M,2,16,100.0
M,2,160,100.0
M,2,161,100.0
M,2,162,100.0
M,2,163,100.0
M,2,164,100.0
M,2,165,100.0
M,2,166,100.0
M,2,167,100.0
M,2,168,100.0
M,2,169,100.0
M,2,17,100.0
M,2,170,100.0
M,2,171,100.0
M,2,172,100.0
M,2,173,100.0
M,2,174,100.0
M,2,175,100.0
M,2,176,100.0
M,2,177,100.0
M,2,178,100.0
M,2,179,100.0
M,2,18,100.0
M,2,180,100.0
M,2,181,100.0
M,2,182,100.0
M,2,183,100.0
M,2,184,100.0
M,2,185,100.0
M,2,186,100.0
M,2,187,100.0
M,2,188,100.0
M,2,189,100.0
M,2,19,100.0
M,2,190,100.0
M,2,191,100.0
M,2,192,100.0
M,2,193,100.0
M,2,194,100.0
M,2,195,100.0
M,2,196,92.14780600461894
M,2,197,93.0715935334873
M,2,198,94.68822170900692
M,2,199,93.53348729792148
M,2,2,100.0
M,2,20,100.0
M,2,200,93.53348729792148
M,2,201,93.0715935334873
M,2,202,93.76443418013857
M,2,203,95.84295612009238
M,2,204,97.6905311778291
M,2,205,97.6905311778291
M,2,206,97.92147806004618
M,2,207,97.92147806004618
M,2,208,97.22863741339492
M,2,209,96.07390300230946
M,2,21,99.76905311778292
M,2,210,98.61431870669746
M,2,211,98.84526558891456
M,2,212,98.84526558891456
M,2,213,99.07621247113164
M,2,214,99.30715935334872
M,2,215,98.61431870669746
M,2,216,98.61431870669746
M,2,217,99.53810623556582
M,2,218,99.76905311778292
M,2,219,99.76905311778292
M,2,22,99.76905311778292
M,2,220,99.76905311778292
M,2,221,100.0
M,2,222,99.53810623556582
M,2,223,99.30715935334872
M,2,224,99.76905311778292
M,2,225,100.0
M,2,226,100.0
M,2,227,100.0
M,2,228,100.0
M,2,229,100.0
M,2,23,99.76905311778292
M,2,230,100.0
M,2,231,100.0
M,2,232,100.0
M,2,233,100.0
M,2,234,100.0
M,2,235,100.0
M,2,236,100.0
M,2,237,100.0
M,2,238,100.0
M,2,239,100.0
M,2,24,100.0
M,2,240,100.0
M,2,241,100.0
M,2,242,100.0
M,2,243,100.0
M,2,244,100.0
M,2,245,99.76905311778292
M,2,246,99.07621247113164
M,2,247,98.15242494226328
M,2,248,99.07621247113164
M,2,249,98.84526558891456
M,2,25,100.0
M,2,250,98.84526558891456
M,2,251,99.53810623556582
M,2,252,99.53810623556582
M,2,253,99.53810623556582
M,2,254,99.07621247113164
M,2,255,98.61431870669746
M,2,256,99.07621247113164
M,2,257,98.84526558891456
M,2,258,99.76905311778292
M,2,259,100.0
M,2,26,100.0
M,2,260,99.76905311778292
M,2,261,100.0
M,2,262,100.0
M,2,263,100.0
M,2,264,100.0
M,2,265,100.0
M,2,266,100.0
M,2,267,100.0
M,2,268,100.0
M,2,269,100.0
M,2,27,100.0
M,2,270,100.0
M,2,271,100.0
M,2,272,100.0
M,2,273,100.0
M,2,274,100.0
M,2,275,100.0
M,2,276,100.0
M,2,277,100.0
M,2,278,100.0
M,2,279,100.0
M,2,28,100.0
M,2,280,100.0
M,2,281,100.0
M,2,282,100.0
M,2,283,100.0
M,2,284,100.0
M,2,285,100.0
M,2,286,100.0
M,2,287,100.0
M,2,288,100.0
M,2,289,100.0
M,2,29,100.0
M,2,290,100.0
M,2,291,100.0
M,2,292,100.0
M,2,293,100.0
M,2,3,100.0
M,2,30,100.0
M,2,31,100.0
M,2,32,100.0
M,2,33,100.0
M,2,34,100.0
M,2,35,100.0
M,2,36,100.0
M,2,37,100.0
M,2,38,100.0
M,2,39,100.0
M,2,4,100.0
M,2,40,99.53810623556582
M,2,41,100.0
M,2,42,100.0
M,2,43,100.0
M,2,44,100.0
M,2,45,100.0
M,2,46,100.0
M,2,47,99.76905311778292
M,2,48,99.76905311778292
M,2,49,97.22863741339492
M,2,5,100.0
M,2,50,95.61200923787528
M,2,51,95.3810623556582
M,2,52,95.61200923787528
M,2,53,94.68822170900692
M,2,54,96.07390300230946
M,2,55,96.30484988452656
M,2,56,98.15242494226328
M,2,57,97.92147806004618
M,2,58,97.6905311778291
M,2,59,96.07390300230946
M,2,6,99.53810623556582
M,2,60,96.53579676674366
M,2,61,96.99769053117782
M,2,62,97.92147806004618
M,2,63,99.53810623556582
M,2,64,99.53810623556582
M,2,65,99.30715935334872
M,2,66,99.76905311778292
M,2,67,99.07621247113164
M,2,68,99.07621247113164
M,2,69,99.07621247113164
M,2,7,99.76905311778292
M,2,70,100.0
M,2,71,100.0
M,2,72,100.0
M,2,73,99.76905311778292
M,2,74,100.0
M,2,75,100.0
M,2,76,99.76905311778292
M,2,77,100.0
M,2,78,100.0
M,2,79,100.0
M,2,8,100.0
M,2,80,100.0
M,2,81,100.0
M,2,82,100.0
M,2,83,100.0
M,2,84,100.0
M,2,85,100.0
M,2,86,100.0
M,2,87,100.0
M,2,88,100.0
M,2,89,100.0
M,2,9,100.0
M,2,90,100.0
M,2,91,100.0
M,2,92,100.0
M,2,93,100.0
M,2,94,100.0
M,2,95,100.0
M,2,96,100.0
M,2,97,100.0
M,2,98,96.99769053117782
M,2,99,97.22863741339492
M,3,0,100.0
M,3,1,100.0
M,3,10,100.0
M,3,100,99.74811083123426
M,3,101,99.49622166246851
M,3,102,99.49622166246851
M,3,103,99.49622166246851
M,3,104,98.99244332493703
M,3,105,99.74811083123426
M,3,106,99.74811083123426
M,3,107,99.74811083123426
M,3,108,99.49622166246851
M,3,109,99.49622166246851
M,3,11,100.0
M,3,110,99.74811083123426
M,3,111,99.74811083123426
M,3,112,100.0
M,3,113,100.0
M,3,114,99.74811083123426
M,3,115,100.0
M,3,116,99.74811083123426
M,3,117,99.74811083123426
M,3,118,99.74811083123426
M,3,119,100.0
M,3,12,100.0
M,3,120,100.0
M,3,121,100.0
M,3,122,100.0
M,3,123,100.0
M,3,124,100.0
M,3,125,100.0
M,3,126,100.0
M,3,127,100.0
M,3,128,100.0
M,3,129,100.0
M,3,13,100.0
M,3,130,100.0
M,3,131,100.0
M,3,132,100.0
M,3,133,99.74811083123426
M,3,134,99.74811083123426
M,3,135,99.74811083123426
M,3,136,100.0
M,3,137,100.0
M,3,138,100.0
M,3,139,100.0
M,3,14,100.0
M,3,140,99.49622166246851
M,3,141,99.49622166246851
M,3,142,99.49622166246851
M,3,143,99.49622166246851
M,3,144,99.49622166246851
M,3,145,99.49622166246851
M,3,146,99.49622166246851
M,3,147,98.74055415617129
M,3,148,98.48866498740554
M,3,149,98.74055415617129
M,3,15,100.0
M,3,150,97.73299748110831
M,3,151,97.48110831234257
M,3,152,99.24433249370277
M,3,153,98.74055415617129
M,3,154,99.24433249370277
M,3,155,98.99244332493703
M,3,156,99.24433249370277
M,3,157,98.99244332493703
M,3,158,99.74811083123426
M,3,159,100.0
M,3,16,100.0
M,3,160,100.0
M,3,161,100.0
M,3,162,99.74811083123426
M,3,163,99.74811083123426
M,3,164,100.0
M,3,165,100.0
M,3,166,100.0
M,3,167,100.0
M,3,168,100.0
M,3,169,100.0
M,3,17,100.0
M,3,170,100.0
M,3,171,100.0
M,3,172,100.0
M,3,173,100.0
M,3,174,100.0
M,3,175,100.0
M,3,176,100.0
M,3,177,100.0
M,3,178,100.0
M,3,179,100.0
M,3,18,100.0
M,3,180,100.0
M,3,181,100.0
M,3,182,100.0
M,3,183,100.0
M,3,184,100.0
M,3,185,100.0
M,3,186,100.0
M,3,187,100.0
M,3,188,100.0
M,3,189,100.0
M,3,19,100.0
M,3,190,100.0
M,3,191,100.0
M,3,192,100.0
M,3,193,100.0
M,3,194,100.0
M,3,195,100.0
M,3,196,98.74055415617129
M,3,197,98.99244332493703
M,3,198,98.99244332493703
M,3,199,98.99244332493703
M,3,2,100.0
M,3,20,100.0
M,3,200,99.24433249370277
M,3,201,98.74055415617129
M,3,202,98.74055415617129
M,3,203,99.49622166246851
M,3,204,99.74811083123426
M,3,205,100.0
M,3,206,99.49622166246851
M,3,207,99.74811083123426
M,3,208,99.74811083123426
M,3,209,99.74811083123426
M,3,21,100.0
M,3,210,99.74811083123426
M,3,211,100.0
M,3,212,100.0
M,3,213,100.0
M,3,214,99.74811083123426
M,3,215,99.74811083123426
M,3,216,100.0
M,3,217,100.0
M,3,218,100.0
M,3,219,100.0
M,3,22,100.0
M,3,220,100.0
M,3,221,100.0
M,3,222,100.0
M,3,223,99.74811083123426
M,3,224,100.0
M,3,225,99.74811083123426
M,3,226,100.0
M,3,227,100.0
M,3,228,100.0
M,3,229,100.0
M,3,23,99.74811083123426
M,3,230,100.0
M,3,231,100.0
M,3,232,100.0
M,3,233,100.0
M,3,234,100.0
M,3,235,100.0
M,3,236,100.0
M,3,237,100.0
M,3,238,99.74811083123426
M,3,239,100.0
M,3,24,100.0
M,3,240,100.0
M,3,241,100.0
M,3,242,100.0
M,3,243,100.0
M,3,244,100.0
M,3,245,98.99244332493703
M,3,246,98.74055415617129
M,3,247,97.98488664987406
M,3,248,97.73299748110831
M,3,249,97.73299748110831
M,3,25,100.0
M,3,250,98.74055415617129
M,3,251,98.48866498740554
M,3,252,99.24433249370277
M,3,253,98.99244332493703
M,3,254,99.24433249370277
M,3,255,99.24433249370277
M,3,256,99.49622166246851
M,3,257,99.74811083123426
M,3,258,100.0
M,3,259,100.0
M,3,26,100.0
M,3,260,99.74811083123426
M,3,261,99.74811083123426
M,3,262,100.0
M,3,263,100.0
M,3,264,100.0
M,3,265,100.0
M,3,266,100.0
M,3,267,100.0
M,3,268,100.0
M,3,269,100.0
M,3,27,99.74811083123426
M,3,270,100.0
M,3,271,100.0
M,3,272,100.0
M,3,273,100.0
M,3,274,100.0
M,3,275,100.0
M,3,276,100.0
M,3,277,100.0
M,3,278,100.0
M,3,279,100.0
M,3,28,100.0
M,3,280,100.0
M,3,281,100.0
M,3,282,100.0
M,3,283,100.0
M,3,284,100.0
M,3,285,100.0
M,3,286,100.0
M,3,287,100.0
M,3,288,100.0
M,3,289,100.0
M,3,29,100.0
M,3,290,100.0
M,3,291,100.0
M,3,292,100.0
M,3,293,100.0
M,3,3,100.0
M,3,30,100.0
M,3,31,100.0
M,3,32,100.0
M,3,33,99.74811083123426
M,3,34,99.74811083123426
M,3,35,99.49622166246851
M,3,36,100.0
M,3,37,100.0
M,3,38,100.0
M,3,39,100.0
M,3,4,100.0
M,3,40,100.0
M,3,41,100.0
M,3,42,99.24433249370277
M,3,43,99.74811083123426
M,3,44,100.0
M,3,45,100.0
M,3,46,99.74811083123426
M,3,47,99.49622166246851
M,3,48,99.24433249370277
M,3,49,97.48110831234257
M,3,5,100.0
M,3,50,97.48110831234257
M,3,51,97.73299748110831
M,3,52,96.72544080604534
M,3,53,96.4735516372796
M,3,54,96.72544080604534
M,3,55,96.4735516372796
M,3,56,98.2367758186398
M,3,57,98.74055415617129
M,3,58,98.99244332493703
M,3,59,98.99244332493703
M,3,6,99.74811083123426
M,3,60,99.24433249370277
M,3,61,99.24433249370277
M,3,62,99.74811083123426
M,3,63,100.0
M,3,64,99.49622166246851
M,3,65,99.49622166246851
M,3,66,99.74811083123426
M,3,67,100.0
M,3,68,100.0
M,3,69,100.0
M,3,7,100.0
M,3,70,100.0
M,3,71,100.0
M,3,72,100.0
M,3,73,100.0
M,3,74,100.0
M,3,75,100.0
M,3,76,100.0
M,3,77,100.0
M,3,78,100.0
M,3,79,100.0
M,3,8,100.0
M,3,80,100.0
M,3,81,100.0
M,3,82,100.0
M,3,83,100.0
M,3,84,100.0
M,3,85,100.0
M,3,86,100.0
M,3,87,100.0
M,3,88,100.0
M,3,89,100.0
M,3,9,100.0
M,3,90,100.0
M,3,91,100.0
M,3,92,100.0
M,3,93,99.74811083123426
M,3,94,100.0
M,3,95,100.0
M,3,96,100.0
M,3,97,100.0
M,3,98,99.49622166246851
M,3,99,99.24433249370277
M,4,0,98.35164835164835
M,4,1,99.17582417582418
M,4,10,99.17582417582418
M,4,100,99.72527472527473
M,4,101,100.0
M,4,102,100.0
M,4,103,100.0
M,4,104,100.0
M,4,105,100.0
M,4,106,100.0
M,4,107,100.0
M,4,108,100.0
M,4,109,100.0
M,4,11,99.45054945054946
M,4,110,100.0
M,4,111,100.0
M,4,112,100.0
M,4,113,100.0
M,4,114,100.0
M,4,115,100.0
M,4,116,100.0
M,4,117,100.0
M,4,118,100.0
M,4,119,100.0
M,4,12,98.62637362637363
M,4,120,100.0
M,4,121,100.0
M,4,122,100.0
M,4,123,100.0
M,4,124,100.0
M,4,125,100.0
M,4,126,100.0
M,4,127,100.0
M,4,128,100.0
M,4,129,100.0
M,4,13,97.25274725274726
M,4,130,100.0
M,4,131,100.0
M,4,132,100.0
M,4,133,100.0
M,4,134,100.0
M,4,135,100.0
M,4,136,100.0
M,4,137,100.0
M,4,138,100.0
M,4,139,100.0
M,4,14,96.97802197802197
M,4,140,100.0
M,4,141,100.0
M,4,142,100.0
M,4,143,100.0
M,4,144,100.0
M,4,145,100.0
M,4,146,100.0
M,4,147,99.17582417582418
M,4,148,99.17582417582418
M,4,149,99.17582417582418
M,4,15,98.62637362637363
M,4,150,100.0
M,4,151,100.0
M,4,152,100.0
M,4,153,99.17582417582418
M,4,154,98.9010989010989
M,4,155,100.0
M,4,156,100.0
M,4,157,100.0
M,4,158,100.0
M,4,159,100.0
M,4,16,99.17582417582418
M,4,160,99.45054945054946
M,4,161,98.9010989010989
M,4,162,99.45054945054946
M,4,163,100.0
M,4,164,100.0
M,4,165,100.0
M,4,166,100.0
M,4,167,100.0
M,4,168,98.35164835164835
M,4,169,99.45054945054946
M,4,17,99.72527472527473
M,4,170,100.0
M,4,171,100.0
M,4,172,100.0
M,4,173,100.0
M,4,174,99.17582417582418
M,4,175,98.62637362637363
M,4,176,98.62637362637363
M,4,177,98.9010989010989
M,4,178,99.72527472527473
M,4,179,99.72527472527473
M,4,18,99.72527472527473
M,4,180,99.45054945054946
M,4,181,98.62637362637363
M,4,182,98.07692307692307
M,4,183,98.35164835164835
M,4,184,98.62637362637363
M,4,185,98.07692307692307
M,4,186,98.62637362637363
M,4,187,98.35164835164835
M,4,188,97.25274725274726
M,4,189,94.78021978021978
M,4,19,98.35164835164835
M,4,190,94.78021978021978
M,4,191,96.15384615384616
M,4,192,95.32967032967034
M,4,193,95.87912087912088
M,4,194,95.05494505494505
M,4,195,93.68131868131869
M,4,196,97.25274725274726
M,4,197,97.25274725274726
M,4,198,96.7032967032967
M,4,199,96.42857142857143
M,4,2,99.17582417582418
M,4,20,96.97802197802197
M,4,200,96.15384615384616
M,4,201,96.42857142857143
M,4,202,96.15384615384616
M,4,203,98.35164835164835
M,4,204,98.9010989010989
M,4,205,98.35164835164835
M,4,206,98.62637362637363
M,4,207,98.07692307692307
M,4,208,97.8021978021978
M,4,209,97.52747252747253
M,4,21,96.15384615384616
M,4,210,99.72527472527473
M,4,211,99.45054945054946
M,4,212,99.17582417582418
M,4,213,99.45054945054946
M,4,214,98.62637362637363
M,4,215,98.9010989010989
M,4,216,98.9010989010989
M,4,217,99.72527472527473
M,4,218,100.0
M,4,219,99.45054945054946
M,4,22,97.25274725274726
M,4,220,99.45054945054946
M,4,221,99.72527472527473
M,4,222,99.45054945054946
M,4,223,99.45054945054946
M,4,224,99.45054945054946
M,4,225,99.72527472527473
M,4,226,99.72527472527473
M,4,227,99.45054945054946
M,4,228,99.45054945054946
M,4,229,99.72527472527473
M,4,23,98.9010989010989
M,4,230,99.72527472527473
M,4,231,100.0
M,4,232,99.72527472527473
M,4,233,99.72527472527473
M,4,234,99.72527472527473
M,4,235,99.17582417582418
M,4,236,99.45054945054946
M,4,237,99.72527472527473
M,4,238,99.72527472527473
M,4,239,99.72527472527473
M,4,24,98.9010989010989
M,4,240,99.72527472527473
M,4,241,99.45054945054946
M,4,242,99.45054945054946
M,4,243,99.17582417582418
M,4,244,99.17582417582418
M,4,245,99.72527472527473
M,4,246,99.45054945054946
M,4,247,99.72527472527473
M,4,248,100.0
M,4,249,100.0
M,4,25,98.9010989010989
M,4,250,100.0
M,4,251,99.45054945054946
M,4,252,98.9010989010989
M,4,253,100.0
M,4,254,100.0
M,4,255,100.0
M,4,256,100.0
M,4,257,100.0
M,4,258,99.72527472527473
M,4,259,98.9010989010989
M,4,26,97.25274725274726
M,4,260,99.72527472527473
M,4,261,100.0
M,4,262,100.0
M,4,263,100.0
M,4,264,100.0
M,4,265,100.0
M,4,266,98.62637362637363
M,4,267,99.72527472527473
M,4,268,100.0
M,4,269,100.0
M,4,27,95.87912087912088
M,4,270,100.0
M,4,271,100.0
M,4,272,99.45054945054946
M,4,273,98.9010989010989
M,4,274,98.62637362637363
M,4,275,98.9010989010989
M,4,276,100.0
M,4,277,99.72527472527473
M,4,278,99.45054945054946
M,4,279,98.9010989010989
M,4,28,93.95604395604396
M,4,280,98.35164835164835
M,4,281,98.62637362637363
M,4,282,98.9010989010989
M,4,283,98.35164835164835
M,4,284,98.62637362637363
M,4,285,98.35164835164835
M,4,286,97.25274725274726
M,4,287,95.6043956043956
M,4,288,95.6043956043956
M,4,289,95.87912087912088
M,4,29,96.7032967032967
M,4,290,96.15384615384616
M,4,291,96.15384615384616
M,4,292,95.87912087912088
M,4,293,95.05494505494505
M,4,3,98.9010989010989
M,4,30,97.52747252747253
M,4,31,97.52747252747253
M,4,32,97.25274725274726
M,4,33,93.4065934065934
M,4,34,92.85714285714286
M,4,35,89.28571428571429
M,4,36,91.75824175824175
M,4,37,94.5054945054945
M,4,38,95.32967032967034
M,4,39,93.68131868131869
M,4,4,99.17582417582418
M,4,40,90.93406593406593
M,4,41,88.73626373626374
M,4,42,78.84615384615384
M,4,43,82.96703296703298
M,4,44,84.61538461538461
M,4,45,84.61538461538461
M,4,46,82.6923076923077
M,4,47,78.84615384615384
M,4,48,77.1978021978022
M,4,49,98.35164835164835
M,4,5,98.07692307692307
M,4,50,98.9010989010989
M,4,51,98.07692307692307
M,4,52,97.52747252747253
M,4,53,98.07692307692307
M,4,54,98.35164835164835
M,4,55,98.07692307692307
M,4,56,98.62637362637363
M,4,57,99.45054945054946
M,4,58,99.45054945054946
M,4,59,98.35164835164835
M,4,6,96.42857142857143
M,4,60,98.9010989010989
M,4,61,99.45054945054946
M,4,62,98.62637362637363
M,4,63,97.8021978021978
M,4,64,99.17582417582418
M,4,65,98.62637362637363
M,4,66,99.17582417582418
M,4,67,99.17582417582418
M,4,68,99.45054945054946
M,4,69,99.17582417582418
M,4,7,97.52747252747253
M,4,70,97.8021978021978
M,4,71,98.9010989010989
M,4,72,99.45054945054946
M,4,73,99.72527472527473
M,4,74,99.72527472527473
M,4,75,98.9010989010989
M,4,76,98.35164835164835
M,4,77,97.52747252747253
M,4,78,98.35164835164835
M,4,79,98.62637362637363
M,4,8,98.35164835164835
M,4,80,98.62637362637363
M,4,81,99.45054945054946
M,4,82,97.8021978021978
M,4,83,96.97802197802197
M,4,84,95.87912087912088
M,4,85,96.42857142857143
M,4,86,98.07692307692307
M,4,87,97.8021978021978
M,4,88,98.35164835164835
M,4,89,97.52747252747253
M,4,9,98.9010989010989
M,4,90,96.15384615384616
M,4,91,91.48351648351648
M,4,92,92.3076923076923
M,4,93,93.95604395604396
M,4,94,94.23076923076923
M,4,95,93.13186813186813
M,4,96,93.13186813186813
M,4,97,90.93406593406593
M,4,98,100.0
M,4,99,100.0
M,5,0,99.76580796252928
M,5,1,99.76580796252928
M,5,10,100.0
M,5,100,93.20843091334895
M,5,101,93.20843091334895
M,5,102,93.44262295081968
M,5,103,93.6768149882904
M,5,104,92.7400468384075
M,5,105,95.5503512880562
M,5,106,95.78454332552693
M,5,107,95.31615925058547
M,5,108,94.61358313817331
M,5,109,95.78454332552693
M,5,11,100.0
M,5,110,95.31615925058547
M,5,111,95.78454332552693
M,5,112,95.78454332552693
M,5,113,96.4871194379391
M,5,114,98.12646370023418
M,5,115,98.82903981264637
M,5,116,98.59484777517564
M,5,117,97.65807962529274
M,5,118,96.01873536299766
M,5,119,96.01873536299766
M,5,12,100.0
M,5,120,96.01873536299766
M,5,121,96.95550351288055
M,5,122,97.65807962529274
M,5,123,97.18969555035129
M,5,124,96.72131147540983
M,5,125,96.25292740046838
M,5,126,96.72131147540983
M,5,127,96.95550351288055
M,5,128,98.36065573770492
M,5,129,98.36065573770492
M,5,13,99.53161592505855
M,5,130,98.36065573770492
M,5,131,97.65807962529274
M,5,132,96.95550351288055
M,5,133,98.12646370023418
M,5,134,99.29742388758783
M,5,135,99.06323185011709
M,5,136,99.29742388758783
M,5,137,99.29742388758783
M,5,138,99.06323185011709
M,5,139,98.36065573770492
M,5,14,100.0
M,5,140,98.59484777517564
M,5,141,99.06323185011709
M,5,142,99.29742388758783
M,5,143,99.29742388758783
M,5,144,99.29742388758783
M,5,145,99.29742388758783
M,5,146,99.29742388758783
M,5,147,99.76580796252928
M,5,148,99.53161592505855
M,5,149,99.76580796252928
M,5,15,100.0
M,5,150,99.53161592505855
M,5,151,99.29742388758783
M,5,152,99.53161592505855
M,5,153,99.76580796252928
M,5,154,100.0
M,5,155,100.0
M,5,156,100.0
M,5,157,99.76580796252928
M,5,158,99.53161592505855
M,5,159,99.76580796252928
M,5,16,100.0
M,5,160,99.76580796252928
M,5,161,100.0
M,5,162,100.0
M,5,163,100.0
M,5,164,100.0
M,5,165,100.0
M,5,166,100.0
M,5,167,100.0
M,5,168,100.0
M,5,169,100.0
M,5,17,100.0
M,5,170,99.76580796252928
M,5,171,100.0
M,5,172,100.0
M,5,173,100.0
M,5,174,100.0
M,5,175,100.0
M,5,176,100.0
M,5,177,100.0
M,5,178,100.0
M,5,179,100.0
M,5,18,100.0
M,5,180,100.0
M,5,181,100.0
M,5,182,100.0
M,5,183,100.0
M,5,184,100.0
M,5,185,100.0
M,5,186,100.0
M,5,187,99.53161592505855
M,5,188,99.76580796252928
M,5,189,99.76580796252928
M,5,19,99.76580796252928
M,5,190,99.76580796252928
M,5,191,99.76580796252928
M,5,192,99.53161592505855
M,5,193,99.76580796252928
M,5,194,99.53161592505855
M,5,195,99.06323185011709
M,5,196,82.20140515222482
M,5,197,82.66978922716628
M,5,198,83.60655737704919
M,5,199,83.8407494145199
M,5,2,99.76580796252928
M,5,20,99.29742388758783
M,5,200,83.13817330210773
M,5,201,82.90398126463701
M,5,202,81.49882903981265
M,5,203,90.63231850117096
M,5,204,90.86651053864169
M,5,205,91.56908665105387
M,5,206,91.56908665105387
M,5,207,92.03747072599532
M,5,208,91.80327868852459
M,5,209,91.33489461358315
M,5,21,100.0
M,5,210,96.01873536299766
M,5,211,96.72131147540983
M,5,212,97.89227166276346
M,5,213,97.65807962529274
M,5,214,97.18969555035129
M,5,215,97.65807962529274
M,5,216,96.01873536299766
M,5,217,98.36065573770492
M,5,218,98.59484777517564
M,5,219,99.29742388758783
M,5,22,100.0
M,5,220,99.53161592505855
M,5,221,99.06323185011709
M,5,222,98.12646370023418
M,5,223,97.18969555035129
M,5,224,99.53161592505855
M,5,225,100.0
M,5,226,100.0
M,5,227,100.0
M,5,228,100.0
M,5,229,100.0
M,5,23,100.0
M,5,230,99.53161592505855
M,5,231,99.76580796252928
M,5,232,100.0
M,5,233,100.0
M,5,234,100.0
M,5,235,100.0
M,5,236,100.0
M,5,237,100.0
M,5,238,100.0
M,5,239,100.0
M,5,24,100.0
M,5,240,100.0
M,5,241,100.0
M,5,242,100.0
M,5,243,99.76580796252928
M,5,244,99.76580796252928
M,5,245,100.0
M,5,246,99.53161592505855
M,5,247,100.0
M,5,248,99.76580796252928
M,5,249,100.0
M,5,25,100.0
M,5,250,99.76580796252928
M,5,251,99.76580796252928
M,5,252,100.0
M,5,253,99.76580796252928
M,5,254,100.0
M,5,255,100.0
M,5,256,99.53161592505855
M,5,257,100.0
M,5,258,100.0
M,5,259,100.0
M,5,26,100.0
M,5,260,100.0
M,5,261,100.0
M,5,262,100.0
M,5,263,100.0
M,5,264,100.0
M,5,265,100.0
M,5,266,100.0
M,5,267,100.0
M,5,268,100.0
M,5,269,100.0
M,5,27,99.53161592505855
M,5,270,100.0
M,5,271,100.0
M,5,272,100.0
M,5,273,100.0
M,5,274,100.0
M,5,275,100.0
M,5,276,100.0
M,5,277,100.0
M,5,278,100.0
M,5,279,99.76580796252928
M,5,28,100.0
M,5,280,99.76580796252928
M,5,281,100.0
M,5,282,100.0
M,5,283,100.0
M,5,284,100.0
M,5,285,99.76580796252928
M,5,286,99.76580796252928
M,5,287,99.76580796252928
M,5,288,99.76580796252928
M,5,289,99.76580796252928
M,5,29,100.0
M,5,290,100.0
M,5,291,100.0
M,5,292,100.0
M,5,293,99.29742388758783
M,5,3,100.0
M,5,30,100.0
M,5,31,100.0
M,5,32,100.0
M,5,33,99.76580796252928
M,5,34,99.53161592505855
M,5,35,99.76580796252928
M,5,36,100.0
M,5,37,100.0
M,5,38,100.0
M,5,39,100.0
M,5,4,100.0
M,5,40,100.0
M,5,41,100.0
M,5,42,99.06323185011709
M,5,43,99.29742388758783
M,5,44,99.53161592505855
M,5,45,99.76580796252928
M,5,46,100.0
M,5,47,100.0
M,5,48,99.53161592505855
M,5,49,98.82903981264637
M,5,5,100.0
M,5,50,98.12646370023418
M,5,51,97.65807962529274
M,5,52,98.12646370023418
M,5,53,98.12646370023418
M,5,54,97.65807962529274
M,5,55,98.36065573770492
M,5,56,98.59484777517564
M,5,57,98.59484777517564
M,5,58,98.59484777517564
M,5,59,98.59484777517564
M,5,6,99.76580796252928
M,5,60,98.12646370023418
M,5,61,98.36065573770492
M,5,62,98.82903981264637
M,5,63,99.76580796252928
M,5,64,99.53161592505855
M,5,65,99.06323185011709
M,5,66,98.82903981264637
M,5,67,99.29742388758783
M,5,68,99.53161592505855
M,5,69,99.29742388758783
M,5,7,99.76580796252928
M,5,70,99.76580796252928
M,5,71,100.0
M,5,72,100.0
M,5,73,100.0
M,5,74,100.0
M,5,75,99.76580796252928
M,5,76,100.0
M,5,77,99.76580796252928
M,5,78,99.76580796252928
M,5,79,100.0
M,5,8,100.0
M,5,80,99.76580796252928
M,5,81,99.76580796252928
M,5,82,100.0
M,5,83,100.0
M,5,84,99.53161592505855
M,5,85,99.76580796252928
M,5,86,99.76580796252928
M,5,87,99.76580796252928
M,5,88,99.76580796252928
M,5,89,99.76580796252928
M,5,9,100.0
M,5,90,99.53161592505855
M,5,91,99.76580796252928
M,5,92,99.76580796252928
M,5,93,100.0
M,5,94,100.0
M,5,95,99.76580796252928
M,5,96,99.29742388758783
M,5,97,99.53161592505855
M,5,98,92.03747072599532
M,5,99,93.20843091334895
